--------------------------
       0 1 2 3 4 5 6 7 8 9
       0 1 2 3 4 5 6 7 8 9
--------------------------

p q    0 1 2 3 4 5 6 7 8 9
--------------------------
9 0    9 1 2 3 4 5 6 7 8 9
Forest:
1 2 3 4 5 6 7 8 9
                0


p q    0 1 2 3 4 5 6 7 8 9
--------------------------
3 4    9 1 2 3 3 5 6 7 8 9
Forest:
1 2 3 5 6 7 8 9
    4         0

p q    0 1 2 3 4 5 6 7 8 9
--------------------------
5 8    9 1 2 3 3 5 6 7 5 9
Forest:
1 2 3 5 6 7 9
    4 8     0

p q    0 1 2 3 4 5 6 7 8 9
--------------------------
7 2    9 1 7 3 3 5 6 7 5 9
Forest:
1 3 5 6 7 9
  4 8   2 0

p q    0 1 2 3 4 5 6 7 8 9
--------------------------
2 1    9 7 7 3 3 5 6 7 5 9
Forest:
3 5 6   7   9
4 8    1 2  0


p q    0 1 2 3 4 5 6 7 8 9
--------------------------
5 7    9 7 7 3 3 7 6 7 5 9
Forest:
3 6   7    9
4   1 2 5  0
        8


p q    0 1 2 3 4 5 6 7 8 9
--------------------------
0 3    9 7 7 9 3 7 6 7 5 9
Forest:
6   7     9
  1 2 5  0 3
      8    4

p q    0 1 2 3 4 5 6 7 8 9
--------------------------
4 2    9 7 7 9 3 7 6 7 5 7
Forest:
6     7
  1 2 5  9
      8 0 3
          4


